# Capacity in [Wh] per engine for the different batteries
# Structure -> [Configuration I, Configuration II]

["Engine_0"]
LiIon = [272.8479901453473, 272.8479901453473]
LiPoly = [281.46424246572667, 281.46424246572667]
LiFe = [237.680915859947, 237.680915859947]
NiCd = [557.0646465467507, 557.0646465467507]
NiH2 = [96.79313315563452, 96.79313315563452]

