# Mass in [kg] per engine for the different batteries
# Structure -> [Configuration I, Configuration II]

["Engine_0"]
LiIon = [1.818986600968982, 1.818986600968982]
LiPoly = [2.3455353538810555, 2.3455353538810555]
LiFe = [4.097946825171499, 4.097946825171499]
NiCd = [11.141292930935014, 11.141292930935014]
NiH2 = [1.2099141644454314, 1.2099141644454314]

