# Volume in [U] per engine for the different batteries
# Structure -> [Configuration I, Configuration II]

["Engine_0"]
LiIon = [1.2992761435492728, 1.2992761435492728]
LiPoly = [1.6654688903297437, 1.6654688903297437]
LiFe = [3.3954416551421, 3.3954416551421]
NiCd = [3.7137643103116718, 3.7137643103116718]
NiH2 = [1.613218885927242, 1.613218885927242]

